8.000000 0.000000
7.992107 0.251162
7.968459 0.501333
7.929149 0.749525
7.874333 0.994760
7.804226 1.236068
7.719106 1.472498
7.619308 1.703117
7.505227 1.927015
7.377312 2.143307
7.236068 2.351141
7.082053 2.549696
6.915875 2.738188
6.738188 2.915875
6.549696 3.082053
6.351141 3.236068
6.143307 3.377312
5.927015 3.505227
5.703117 3.619308
5.472498 3.719106
5.236068 3.804226
4.994760 3.874333
4.749525 3.929149
4.501333 3.968459
4.251162 3.992107
4.000000 4.000000
3.748838 3.992107
3.498667 3.968459
3.250475 3.929149
3.005240 3.874333
2.763932 3.804226
2.527502 3.719106
2.296883 3.619308
2.072985 3.505227
1.856693 3.377312
1.648859 3.236068
1.450304 3.082053
1.261812 2.915875
1.084125 2.738188
0.917947 2.549696
0.763932 2.351141
0.622688 2.143307
0.494773 1.927015
0.380692 1.703117
0.280894 1.472498
0.195774 1.236068
0.125667 0.994760
0.070851 0.749525
0.031541 0.501333
0.007893 0.251162
0.000000 -0.000000
0.007893 -0.251162
0.031541 -0.501333
0.070851 -0.749525
0.125667 -0.994760
0.195774 -1.236068
0.280894 -1.472498
0.380692 -1.703117
0.494773 -1.927015
0.622688 -2.143307
0.763932 -2.351141
0.917947 -2.549696
1.084125 -2.738188
1.261812 -2.915875
1.450304 -3.082053
1.648859 -3.236068
1.856693 -3.377312
2.072985 -3.505227
2.296883 -3.619308
2.527502 -3.719106
2.763932 -3.804226
3.005240 -3.874333
3.250475 -3.929149
3.498667 -3.968459
3.748838 -3.992107
4.000000 -4.000000
4.251162 -3.992107
4.501333 -3.968459
4.749525 -3.929149
4.994760 -3.874333
5.236068 -3.804226
5.472498 -3.719106
5.703117 -3.619308
5.927015 -3.505227
6.143307 -3.377312
6.351141 -3.236068
6.549696 -3.082053
6.738188 -2.915875
6.915875 -2.738188
7.082053 -2.549696
7.236068 -2.351141
7.377312 -2.143307
7.505227 -1.927015
7.619308 -1.703117
7.719106 -1.472498
7.804226 -1.236068
7.874333 -0.994760
7.929149 -0.749525
7.968459 -0.501333
7.992107 -0.251162
8.000000 0.000000
7.992107 0.251162
7.968459 0.501333
7.929149 0.749525
7.874333 0.994760
7.804226 1.236068
7.719106 1.472498
7.619308 1.703117
7.505227 1.927015
7.377312 2.143307
7.236068 2.351141
7.082053 2.549696
6.915875 2.738188
6.738188 2.915875
6.549696 3.082053
6.351141 3.236068
6.143307 3.377312
5.927015 3.505227
5.703117 3.619308
5.472498 3.719106
5.236068 3.804226
4.994760 3.874333
4.749525 3.929149
4.501333 3.968459
4.251162 3.992107
4.000000 4.000000
3.748838 3.992107
3.498667 3.968459
3.250475 3.929149
3.005240 3.874333
2.763932 3.804226
2.527502 3.719106
2.296883 3.619308
2.072985 3.505227
1.856693 3.377312
1.648859 3.236068
1.450304 3.082053
1.261812 2.915875
1.084125 2.738188
0.917947 2.549696
0.763932 2.351141
0.622688 2.143307
0.494773 1.927015
0.380692 1.703117
0.280894 1.472498
0.195774 1.236068
0.125667 0.994760
0.070851 0.749525
0.031541 0.501333
0.007893 0.251162
0.000000 0.000000
0.007893 -0.251162
0.031541 -0.501333
0.070851 -0.749525
0.125667 -0.994760
0.195774 -1.236068
0.280894 -1.472498
0.380692 -1.703117
0.494773 -1.927015
0.622688 -2.143307
0.763932 -2.351141
0.917947 -2.549696
1.084125 -2.738188
1.261812 -2.915875
1.450304 -3.082053
1.648859 -3.236068
1.856693 -3.377312
2.072985 -3.505227
2.296883 -3.619308
2.527502 -3.719106
2.763932 -3.804226
3.005240 -3.874333
3.250475 -3.929149
3.498667 -3.968459
3.748838 -3.992107
4.000000 -4.000000
4.251162 -3.992107
4.501333 -3.968459
4.749525 -3.929149
4.994760 -3.874333
5.236068 -3.804226
5.472498 -3.719106
5.703117 -3.619308
5.927015 -3.505227
6.143307 -3.377312
6.351141 -3.236068
6.549696 -3.082053
6.738188 -2.915875
6.915875 -2.738188
7.082053 -2.549696
7.236068 -2.351141
7.377312 -2.143307
7.505227 -1.927015
7.619308 -1.703117
7.719106 -1.472498
7.804226 -1.236068
7.874333 -0.994760
7.929149 -0.749525
7.968459 -0.501333
7.992107 -0.251162
8.000000 0.000000
9.000000 6.000000
8.820900 5.940000
8.643600 5.880000
8.468100 5.820000
8.294400 5.760000
8.122500 5.700000
7.952400 5.640000
7.784100 5.580000
7.617600 5.520000
7.452900 5.460000
7.290000 5.400000
7.128900 5.340000
6.969600 5.280000
6.812100 5.220000
6.656400 5.160000
6.502500 5.100000
6.350400 5.040000
6.200100 4.980000
6.051600 4.920000
5.904900 4.860000
5.760000 4.800000
5.616900 4.740000
5.475600 4.680000
5.336100 4.620000
5.198400 4.560000
5.062500 4.500000
4.928400 4.440000
4.796100 4.380000
4.665600 4.320000
4.536900 4.260000
4.410000 4.200000
4.284900 4.140000
4.161600 4.080000
4.040100 4.020000
3.920400 3.960000
3.802500 3.900000
3.686400 3.840000
3.572100 3.780000
3.459600 3.720000
3.348900 3.660000
3.240000 3.600000
3.132900 3.540000
3.027600 3.480000
2.924100 3.420000
2.822400 3.360000
2.722500 3.300000
2.624400 3.240000
2.528100 3.180000
2.433600 3.120000
2.340900 3.060000
2.250000 3.000000
2.160900 2.940000
2.073600 2.880000
1.988100 2.820000
1.904400 2.760000
1.822500 2.700000
1.742400 2.640000
1.664100 2.580000
1.587600 2.520000
1.512900 2.460000
1.440000 2.400000
1.368900 2.340000
1.299600 2.280000
1.232100 2.220000
1.166400 2.160000
1.102500 2.100000
1.040400 2.040000
0.980100 1.980000
0.921600 1.920000
0.864900 1.860000
0.810000 1.800000
0.756900 1.740000
0.705600 1.680000
0.656100 1.620000
0.608400 1.560000
0.562500 1.500000
0.518400 1.440000
0.476100 1.380000
0.435600 1.320000
0.396900 1.260000
0.360000 1.200000
0.324900 1.140000
0.291600 1.080000
0.260100 1.020000
0.230400 0.960000
0.202500 0.900000
0.176400 0.840000
0.152100 0.780000
0.129600 0.720000
0.108900 0.660000
0.090000 0.600000
0.072900 0.540000
0.057600 0.480000
0.044100 0.420000
0.032400 0.360000
0.022500 0.300000
0.014400 0.240000
0.008100 0.180000
0.003600 0.120000
0.000900 0.060000
0.000000 0.000000
0.000000 -0.000000
0.000900 -0.060000
0.003600 -0.120000
0.008100 -0.180000
0.014400 -0.240000
0.022500 -0.300000
0.032400 -0.360000
0.044100 -0.420000
0.057600 -0.480000
0.072900 -0.540000
0.090000 -0.600000
0.108900 -0.660000
0.129600 -0.720000
0.152100 -0.780000
0.176400 -0.840000
0.202500 -0.900000
0.230400 -0.960000
0.260100 -1.020000
0.291600 -1.080000
0.324900 -1.140000
0.360000 -1.200000
0.396900 -1.260000
0.435600 -1.320000
0.476100 -1.380000
0.518400 -1.440000
0.562500 -1.500000
0.608400 -1.560000
0.656100 -1.620000
0.705600 -1.680000
0.756900 -1.740000
0.810000 -1.800000
0.864900 -1.860000
0.921600 -1.920000
0.980100 -1.980000
1.040400 -2.040000
1.102500 -2.100000
1.166400 -2.160000
1.232100 -2.220000
1.299600 -2.280000
1.368900 -2.340000
1.440000 -2.400000
1.512900 -2.460000
1.587600 -2.520000
1.664100 -2.580000
1.742400 -2.640000
1.822500 -2.700000
1.904400 -2.760000
1.988100 -2.820000
2.073600 -2.880000
2.160900 -2.940000
2.250000 -3.000000
2.340900 -3.060000
2.433600 -3.120000
2.528100 -3.180000
2.624400 -3.240000
2.722500 -3.300000
2.822400 -3.360000
2.924100 -3.420000
3.027600 -3.480000
3.132900 -3.540000
3.240000 -3.600000
3.348900 -3.660000
3.459600 -3.720000
3.572100 -3.780000
3.686400 -3.840000
3.802500 -3.900000
3.920400 -3.960000
4.040100 -4.020000
4.161600 -4.080000
4.284900 -4.140000
4.410000 -4.200000
4.536900 -4.260000
4.665600 -4.320000
4.796100 -4.380000
4.928400 -4.440000
5.062500 -4.500000
5.198400 -4.560000
5.336100 -4.620000
5.475600 -4.680000
5.616900 -4.740000
5.760000 -4.800000
5.904900 -4.860000
6.051600 -4.920000
6.200100 -4.980000
6.350400 -5.040000
6.502500 -5.100000
6.656400 -5.160000
6.812100 -5.220000
6.969600 -5.280000
7.128900 -5.340000
7.290000 -5.400000
7.452900 -5.460000
7.617600 -5.520000
7.784100 -5.580000
7.952400 -5.640000
8.122500 -5.700000
8.294400 -5.760000
8.468100 -5.820000
8.643600 -5.880000
8.820900 -5.940000
9.000000 -6.000000
The Area between circle and the parabola is 46.466076