2.000000 4.000000
10.062258 4.000000
10.052075 4.405083
10.021552 4.809142
9.970765 5.211157
9.899844 5.610113
9.808967 6.005002
9.698364 6.394826
9.568314 6.778600
9.419146 7.155355
9.251237 7.524140
9.065010 7.884022
8.860937 8.234093
8.639532 8.573468
8.401355 8.901291
8.147008 9.216732
7.877133 9.518995
7.592412 9.807317
7.293564 10.080969
6.981343 10.339260
6.656540 10.581537
6.319974 10.807189
5.972495 11.015646
5.614981 11.206380
5.248336 11.378910
4.873484 11.532801
4.491375 11.667663
4.102971 11.783156
3.709256 11.878988
3.311223 11.954916
2.909877 12.010750
2.506233 12.046349
2.101311 12.061621
1.696132 12.056529
1.291721 12.031086
0.889099 11.985355
0.489284 11.919453
0.093284 11.833545
-0.297899 11.727850
-0.683277 11.602633
-1.061877 11.458211
-1.432742 11.294949
-1.794936 11.113259
-2.147544 10.913601
-2.489675 10.696478
-2.820464 10.462440
-3.139077 10.212076
-3.444707 9.946021
-3.736584 9.664945
-4.013970 9.369559
-4.276164 9.060610
-4.522504 8.738876
-4.752367 8.405172
-4.965173 8.060340
-5.160385 7.705251
-5.337509 7.340803
-5.496098 6.967915
-5.635751 6.587530
-5.756115 6.200609
-5.856887 5.808129
-5.937811 5.411081
-5.998684 5.010469
-6.039352 4.607304
-6.059712 4.202605
-6.059712 3.797395
-6.039352 3.392696
-5.998684 2.989531
-5.937811 2.588919
-5.856887 2.191871
-5.756115 1.799391
-5.635751 1.412470
-5.496098 1.032085
-5.337509 0.659197
-5.160385 0.294749
-4.965173 -0.060340
-4.752367 -0.405172
-4.522504 -0.738876
-4.276164 -1.060610
-4.013970 -1.369559
-3.736584 -1.664945
-3.444707 -1.946021
-3.139077 -2.212076
-2.820464 -2.462440
-2.489675 -2.696478
-2.147544 -2.913601
-1.794936 -3.113259
-1.432742 -3.294949
-1.061877 -3.458211
-0.683277 -3.602633
-0.297899 -3.727850
0.093284 -3.833545
0.489284 -3.919453
0.889099 -3.985355
1.291721 -4.031086
1.696132 -4.056529
2.101311 -4.061621
2.506233 -4.046349
2.909877 -4.010750
3.311223 -3.954916
3.709256 -3.878988
4.102971 -3.783156
4.491375 -3.667663
4.873484 -3.532801
5.248336 -3.378910
5.614981 -3.206380
5.972495 -3.015646
6.319974 -2.807189
6.656540 -2.581537
6.981343 -2.339260
7.293564 -2.080969
7.592412 -1.807317
7.877133 -1.518995
8.147008 -1.216732
8.401355 -0.901291
8.639532 -0.573468
8.860937 -0.234093
9.065010 0.115978
9.251237 0.475860
9.419146 0.844645
9.568314 1.221400
9.698364 1.605174
9.808967 1.994998
9.899844 2.389887
9.970765 2.788843
10.021552 3.190858
10.052075 3.594917
10.062258 4.000000
10.052075 4.405083
10.021552 4.809142
9.970765 5.211157
9.899844 5.610113
9.808967 6.005002
9.698364 6.394826
9.568314 6.778600
9.419146 7.155355
9.251237 7.524140
9.065010 7.884022
8.860937 8.234093
8.639532 8.573468
8.401355 8.901291
8.147008 9.216732
7.877133 9.518995
7.592412 9.807317
7.293564 10.080969
6.981343 10.339260
6.656540 10.581537
6.319974 10.807189
5.972495 11.015646
5.614981 11.206380
5.248336 11.378910
4.873484 11.532801
4.491375 11.667663
4.102971 11.783156
3.709256 11.878988
3.311223 11.954916
2.909877 12.010750
2.506233 12.046349
2.101311 12.061621
1.696132 12.056529
1.291721 12.031086
0.889099 11.985355
0.489284 11.919453
0.093284 11.833545
-0.297899 11.727850
-0.683277 11.602633
-1.061877 11.458211
-1.432742 11.294949
-1.794936 11.113259
-2.147544 10.913601
-2.489675 10.696478
-2.820464 10.462440
-3.139077 10.212076
-3.444707 9.946021
-3.736584 9.664945
-4.013970 9.369559
-4.276164 9.060610
-4.522504 8.738876
-4.752367 8.405172
-4.965173 8.060340
-5.160385 7.705251
-5.337509 7.340803
-5.496098 6.967915
-5.635751 6.587530
-5.756115 6.200609
-5.856887 5.808129
-5.937811 5.411081
-5.998684 5.010469
-6.039352 4.607304
-6.059712 4.202605
-6.059712 3.797395
-6.039352 3.392696
-5.998684 2.989531
-5.937811 2.588919
-5.856887 2.191871
-5.756115 1.799391
-5.635751 1.412470
-5.496098 1.032085
-5.337509 0.659197
-5.160385 0.294749
-4.965173 -0.060340
-4.752367 -0.405172
-4.522504 -0.738876
-4.276164 -1.060610
-4.013970 -1.369559
-3.736584 -1.664945
-3.444707 -1.946021
-3.139077 -2.212076
-2.820464 -2.462440
-2.489675 -2.696478
-2.147544 -2.913601
-1.794936 -3.113259
-1.432742 -3.294949
-1.061877 -3.458211
-0.683277 -3.602633
-0.297899 -3.727850
0.093284 -3.833545
0.489284 -3.919453
0.889099 -3.985355
1.291721 -4.031086
1.696132 -4.056529
2.101311 -4.061621
2.506233 -4.046349
2.909877 -4.010750
3.311223 -3.954916
3.709256 -3.878988
4.102971 -3.783156
4.491375 -3.667663
4.873484 -3.532801
5.248336 -3.378910
5.614981 -3.206380
5.972495 -3.015646
6.319974 -2.807189
6.656540 -2.581537
6.981343 -2.339260
7.293564 -2.080969
7.592412 -1.807317
7.877133 -1.518995
8.147008 -1.216732
8.401355 -0.901291
8.639532 -0.573468
8.860937 -0.234093
9.065010 0.115978
9.251237 0.475860
9.419146 0.844645
9.568314 1.221400
9.698364 1.605174
9.808967 1.994998
9.899844 2.389887
9.970765 2.788843
10.021552 3.190858
10.052075 3.594917
10.062258 4.000000
