0.000000 0.000000
-0.024390 0.121951
-0.047619 0.238095
-0.069767 0.348837
-0.090909 0.454545
-0.111111 0.555556
-0.130435 0.652174
-0.148936 0.744681
-0.166667 0.833333
-0.183673 0.918367
-0.200000 1.000000
-0.215686 1.078431
-0.230769 1.153846
-0.245283 1.226415
-0.259259 1.296296
-0.272727 1.363636
-0.285714 1.428571
-0.298246 1.491228
-0.310345 1.551724
-0.322034 1.610169
-0.333333 1.666667
-0.344262 1.721311
-0.354839 1.774194
-0.365079 1.825397
-0.375000 1.875000
-0.384615 1.923077
-0.393939 1.969697
-0.402985 2.014925
-0.411765 2.058824
-0.420290 2.101449
-0.428571 2.142857
-0.436620 2.183099
-0.444444 2.222222
-0.452055 2.260274
-0.459459 2.297297
-0.466667 2.333333
-0.473684 2.368421
-0.480519 2.402597
-0.487179 2.435897
-0.493671 2.468354
-0.500000 2.500000
-1.000000 5.000000
The distance between the points for a = 2 and b = 3 is  5.099020
